70 48 72 66 72 60 54 74 44 66 16 11 11 37 10 69 51 44 40 4 
82 21 90 81 40 83 58 27 61 49 46 45 71 56 70 26 98 1 15 12 
69 77 62 49 1 35 60 40 18 12 14 29 78 77 50 61 83 32 92 37 
61 8 15 60 29 77 52 12 61 29 82 86 63 14 61 95 82 8 77 5 
92 50 38 54 6 65 20 55 42 82 29 44 98 1 80 68 76 14 63 17 
98 48 97 78 32 37 73 29 100 30 87 20 97 35 8 31 73 75 14 21 
5 58 53 17 60 8 45 32 79 100 53 56 20 13 34 87 63 69 66 66 
46 35 99 69 20 31 76 74 92 22 42 98 4 94 53 96 22 81 93 52 
64 86 77 34 12 6 74 65 43 90 25 59 2 9 37 81 63 28 59 73 
74 37 32 59 60 30 84 68 41 76 73 44 62 40 36 91 38 9 100 81 
94 81 93 56 44 38 48 3 25 81 4 12 76 41 58 70 3 73 98 54 
40 53 49 4 13 35 4 59 69 16 47 41 27 25 11 12 73 79 37 79 
42 23 7 13 89 95 30 89 66 83 68 25 64 63 13 49 81 83 56 13 
49 37 86 83 41 58 9 16 85 72 76 1 14 72 81 54 26 61 26 98 
13 17 76 63 72 24 8 45 10 70 24 82 7 21 78 74 26 81 93 56 